20 190
  
2 1 34
3 1 47
3 2 39
4 1 40
4 2 93
4 3 28
5 1 44
5 2 89
5 3 77
5 4 54
6 1 17
6 2 61
6 3 92
6 4 63
6 5 48
7 1 86
7 2 55
7 3 68
7 4 43
7 5 94
7 6 34
8 1 71
8 2 83
8 3 26
8 4 54
8 5 86
8 6 11
8 7 53
9 1 78
9 2 17
9 3 44
9 4 67
9 5 34
9 6 52
9 7 48
9 8 33
10 1 45
10 2 50
10 3 96
10 4 40
10 5 32
10 6 31
10 7 75
10 8 53
10 9 67
11 1 72
11 2 48
11 3 17
11 4 97
11 5 79
11 6 85
11 7 19
11 8 79
11 9 20
11 10 83
12 1 74
12 2 13
12 3 97
12 4 20
12 5 96
12 6 77
12 7 53
12 8 34
12 9 98
12 10 80
12 11 36
13 1 45
13 2 18
13 3 90
13 4 62
13 5 27
13 6 50
13 7 88
13 8 70
13 9 22
13 10 73
13 11 79
13 12 66
14 1 95
14 2 63
14 3 77
14 4 42
14 5 55
14 6 16
14 7 60
14 8 60
14 9 61
14 10 70
14 11 85
14 12 74
14 13 88
15 1 32
15 2 22
15 3 41
15 4 19
15 5 80
15 6 15
15 7 70
15 8 35
15 9 34
15 10 52
15 11 83
15 12 24
15 13 52
15 14 22
16 1 50
16 2 87
16 3 32
16 4 79
16 5 29
16 6 25
16 7 43
16 8 73
16 9 35
16 10 46
16 11 27
16 12 54
16 13 72
16 14 64
16 15 35
17 1 29
17 2 10
17 3 25
17 4 74
17 5 60
17 6 35
17 7 31
17 8 74
17 9 12
17 10 47
17 11 28
17 12 44
17 13 70
17 14 66
17 15 21
17 16 24
18 1 36
18 2 24
18 3 28
18 4 61
18 5 57
18 6 26
18 7 75
18 8 36
18 9 51
18 10 44
18 11 37
18 12 18
18 13 66
18 14 53
18 15 42
18 16 11
18 17 39
19 1 90
19 2 48
19 3 45
19 4 65
19 5 42
19 6 34
19 7 92
19 8 70
19 9 75
19 10 27
19 11 32
19 12 17
19 13 80
19 14 54
19 15 74
19 16 83
19 17 65
19 18 17
20 1 90
20 2 54
20 3 83
20 4 92
20 5 44
20 6 37
20 7 75
20 8 64
20 9 45
20 10 86
20 11 77
20 12 60
20 13 26
20 14 59
20 15 18
20 16 54
20 17 25
20 18 59
20 19 49
